0.0
0.0
0.5555555555555556
0.0
0.0
0.0
0.4375
0.0
0.0
0.0
0.7142857142857143
0.0
0.3333333333333333
0.0
0.5
0.0
0.2727272727272727
0.0
0.0
0.7647058823529411
0.0
0.0
0.0
0.3333333333333333
0.5294117647058824
0.0
0.5
0.8636363636363636
0.71875
0.0
0.0
0.6190476190476191
0.0
0.0
0.6666666666666666
0.72
0.7954545454545454
0.4
0.3333333333333333
0.6666666666666666
0.6363636363636364
0.0
0.5625
0.7714285714285715
0.42857142857142855
0.0
0.0
0.5555555555555556
0.5
0.3333333333333333
0.3333333333333333
0.3333333333333333
0.2
0.2222222222222222
0.0
0.0
0.0
0.5
0.3333333333333333
0.0
0.3333333333333333
0.5333333333333333
0.6666666666666666
0.3333333333333333
0.0
0.625
0.7272727272727273
0.35714285714285715
0.0
0.6190476190476191
0.3333333333333333
0.0
0.0
0.0
0.0
0.0
0.3333333333333333
0.0
0.7058823529411765
0.0
0.7142857142857143
0.5
0.5
0.0
0.6666666666666666
0.0
0.75
0.75
0.375
0.631578947368421
0.25
0.47058823529411764
0.0
0.0
0.6666666666666666
0.0
0.3333333333333333
0.5
0.0
0.0
0.0
0.125
0.0
0.0
0.2222222222222222
0.2857142857142857
0.1
0.16666666666666666
0.3333333333333333
0.3333333333333333
0.6
0.6666666666666666
0.5882352941176471
0.38461538461538464
0.3076923076923077
0.8
0.4166666666666667
0.7142857142857143
0.5
0.5
0.6666666666666666
0.6666666666666666
0.0
0.5
0.5
0.4444444444444444
0.5
0.4
0.0
0.5555555555555556
0.5714285714285714
0.47058823529411764
0.3333333333333333
0.3333333333333333
0.2
0.4
0.0
0.0
0.0
0.46153846153846156
0.25
0.0
0.2727272727272727
0.0
0.3
0.5
0.0
0.14285714285714285
0.1
0.0
0.0
0.0
0.3333333333333333
0.5833333333333334
0.0
0.6153846153846154
0.4666666666666667
0.0
0.1111111111111111
0.0
0.3333333333333333
0.2727272727272727
0.0
0.0
0.5714285714285714
0.6666666666666666
0.0
0.0
0.4444444444444444
0.2
0.25
0.16666666666666666
0.45454545454545453
0.45454545454545453
0.25
0.4444444444444444
0.4
0.6666666666666666
0.16666666666666666
0.47058823529411764
0.0
0.5714285714285714
0.0
0.46153846153846156
0.5454545454545454
0.0
0.5
0.2727272727272727
0.5
0.55
0.4666666666666667
0.5
0.3333333333333333
0.2857142857142857
0.47058823529411764
0.5
0.125
0.4375
0.42857142857142855
0.6
0.0
0.0
0.7142857142857143
0.5909090909090909
0.5
0.5
0.0
0.6666666666666666
0.0
0.5
0.0
0.0
0.25
0.3333333333333333
0.4166666666666667
0.25
0.2
0.5833333333333334
0.125
0.0
0.14285714285714285
0.0
0.18181818181818182
0.0
0.2
0.0
0.0
0.0
0.0
0.3
0.0
0.0
0.14285714285714285
0.0
0.0
0.0
0.14285714285714285
0.125
0.0
0.18181818181818182
0.0
0.0
0.0
0.0
0.25
0.0
0.0
0.0
0.3
0.125
0.3333333333333333
0.14285714285714285
0.375
0.25
0.5
0.0
0.2
0.5
0.0
0.0
0.3333333333333333
0.3333333333333333
0.2
0.2222222222222222
0.25
0.2222222222222222
0.42857142857142855
0.125
0.3076923076923077
0.0
0.3333333333333333
0.25
0.2
0.3
0.0
0.0
0.0
0.1111111111111111
0.3333333333333333
0.5
0.45454545454545453
0.1111111111111111
0.1111111111111111
0.2
0.0
0.3333333333333333
0.5
0.0
0.3333333333333333
0.5714285714285714
0.0
0.1
0.0
0.1
0.0
0.5
0.5
0.0
0.0
0.1111111111111111
0.0
0.25
0.0
0.0
0.0
0.5
0.0
0.0
0.0
0.0
0.0
0.125
0.0
0.0
0.16666666666666666
0.0
0.0
0.0
0.125
0.0
0.25
0.0
0.4444444444444444
0.2727272727272727
0.0
0.1111111111111111
0.0
0.2222222222222222
0.1111111111111111
0.125
0.125
0.6363636363636364
0.0
0.18181818181818182
0.0
0.3
0.0
0.18181818181818182
0.3333333333333333
0.0
0.1
0.125
0.25
0.0
0.0
0.3333333333333333
0.2
0.0
0.3
0.2857142857142857
0.5
0.25
0.25
0.3333333333333333
0.6666666666666666
0.5
0.0
0.4
0.0
0.4
0.0
0.0
0.3333333333333333
0.36363636363636365
0.625
0.5
0.3333333333333333
0.2
0.2
0.2222222222222222
0.25
0.35714285714285715
0.375
0.0
0.0
0.14285714285714285
0.6
0.2857142857142857
0.0
0.5714285714285714
0.42857142857142855
0.16666666666666666
0.4
0.5
0.0
0.38461538461538464
0.3
0.25
0.42857142857142855
0.5
0.3333333333333333
0.3333333333333333
0.0
0.0
0.4
0.5454545454545454
0.0
0.25
0.6
0.46153846153846156
0.6842105263157895
0.0
0.4
0.0
0.2
0.375
0.0
0.3333333333333333
0.0
0.2222222222222222
0.4166666666666667
0.0
0.2727272727272727
0.0
0.0
0.0
0.09090909090909091
0.16666666666666666
0.0
0.0
0.0
0.5
0.0
0.0
0.0
0.2
0.0
0.0
0.0
0.0
0.0
0.09090909090909091
0.5
0.15384615384615385
0.0
0.0
0.0
0.0
0.2
0.09090909090909091
0.0
0.2
0.0
0.2857142857142857
0.1111111111111111
0.0
0.0
0.1
0.0
0.0
0.0
0.0
0.0
0.0
0.0
0.15384615384615385
0.0
0.0
0.16666666666666666
0.0
0.09090909090909091
0.0
0.0
0.0
0.0
0.0
0.0
0.16666666666666666
0.0
0.0
0.0
0.14285714285714285
0.0
0.3333333333333333
0.6666666666666666
0.4
0.42857142857142855
0.0
0.0
0.5
0.0
0.2857142857142857
0.0
0.42857142857142855
0.0
0.0
0.0
0.125
0.4
0.2222222222222222
0.0
0.3333333333333333
0.0
0.18181818181818182
0.5
0.0
0.0
0.0
0.5
0.0
0.0
0.0
0.0
0.0
0.3333333333333333
0.0
0.2222222222222222
0.0
0.0
0.0
0.2857142857142857
0.0
0.18181818181818182
0.16666666666666666
0.0
0.1111111111111111
0.0
0.1
0.0
0.3333333333333333
0.5
0.0
0.6666666666666666
0.25
0.6666666666666666
0.4
0.0
0.25
0.0
0.1111111111111111
0.0
0.2
0.1111111111111111
0.2857142857142857
0.16666666666666666
0.25
0.08333333333333333
0.5833333333333334
0.125
0.3
0.3
0.3333333333333333
0.3
0.16666666666666666
0.6
0.5
0.125
0.16666666666666666
0.625
0.2222222222222222
